Row Labels
Cargo
70
71
72
73
74
75
76
77
78
79
1003
1004
1016
Fishing
30
1001
1002
Military
35
1021
Not Available
0
Other
20
23
24
25
26
27
28
29
33
34
38
39
40
41
42
43
44
45
46
47
48
49
50
51
53
54
55
56
57
58
59
90
91
92
93
94
95
96
97
98
99
1005
1006
1007
1008
1009
1010
1011
1018
1020
1022
-
100 to 199
200 to 255
256 to 999
1 through 19
Passenger
60
61
62
63
64
65
66
67
68
69
1012
1013
1014
1015
Pleasure Craft/Sailing
36
37
1019
Tanker
80
81
82
83
84
85
86
87
88
89
1017
1024
Tug Tow
21
22
31
32
52
1023
1025
Grand Total
